-73564892.2318 144573628.2277 10000.0000
-73621151.7258 144530943.3262 10000.0000
-73696648.4191 144437958.5249 10000.0000
-73694626.9969 144439609.9974 10020.0000
-73657531.9969 144484922.9974 10040.0000
-73595613.9969 144557641.9974 10050.0000
-73586977.9969 144557249.9974 10060.0000
-73590480.9969 144555447.9974 10060.0000
-73633274.9969 144509625.9974 10060.0000
-73591331.9969 144558424.9974 10080.0000
-73580415.9969 144573484.9974 10090.0000
-73679559.9969 144461850.9974 10100.0000
-73680057.9969 144459122.9974 10110.0000
-73641058.9969 144498509.9974 10150.0000
-73646831.9969 144493488.9974 10150.0000
-73572127.9969 144575664.9974 10160.0000
-73587374.9969 144559102.9974 10170.0000
-73668396.9969 144477088.9974 10170.0000
-73678138.9969 144470447.9974 10190.0000
-73632630.9969 144514521.9974 10200.0000
-73602391.9969 144555928.9974 10210.0000
-73569727.9969 144575113.9974 10220.0000
-73567962.9969 144578628.9974 10230.0000
-73628815.9969 144525597.9974 10230.0000
-73599416.9969 144556624.9974 10240.0000
-73580750.4060 144576603.5454 10250.0000
-73595428.9969 144559545.9974 10250.0000
-73605405.9969 144555400.9974 10250.0000
-73623819.1702 144535740.9955 10250.0000
-73697905.6247 144441724.0219 10250.0000
-73634936.9969 144515838.9974 10260.0000
-73610328.9969 144555589.9974 10270.0000
-73625861.9969 144534435.9974 10270.0000
-73603208.9969 144559617.9974 10280.0000
-73633602.9969 144519221.9974 10310.0000
-73644909.9969 144504620.9974 10310.0000
-73685810.9969 144452939.9974 10320.0000
-73688795.9969 144452134.9974 10320.0000
-73610939.9969 144556813.9974 10330.0000
-73622020.9969 144544263.9974 10350.0000
-73651498.9969 144498916.9974 10350.0000
-73614081.9969 144554305.9974 10360.0000
-73636206.9969 144522693.9974 10360.0000
-73636634.9969 144514046.9974 10380.0000
-73661699.9969 144491633.9974 10410.0000
-73593507.9969 144565814.9974 10420.0000
-73673412.9969 144482451.9974 10420.0000
-73634079.9969 144524382.9974 10430.0000
-73617100.9969 144553610.9974 10450.0000
-73620448.9969 144552601.9974 10490.0000
-73582276.0948 144582872.2403 10500.0000
-73626189.7929 144540204.9413 10500.0000
-73699070.7472 144444660.0167 10500.0000
-73646513.9969 144505566.9974 10520.0000
-73638398.9969 144521795.9974 10530.0000
-73582229.9969 144583608.9974 10540.0000
-73623399.9969 144552011.9974 10550.0000
-73590168.9969 144571343.9974 10560.0000
-73695699.9969 144447390.9974 10570.0000
-73641800.9969 144518250.9974 10580.0000
-73652182.9969 144500151.9974 10590.0000
-73640305.9969 144522708.9974 10650.0000
-73642802.9969 144521458.9974 10660.0000
-73658459.9969 144507454.9974 10660.0000
-73650415.9969 144511130.9974 10670.0000
-73662199.9969 144492609.9974 10680.0000
-73639958.9969 144525237.9974 10710.0000
-73652603.9969 144510142.9974 10710.0000
-73590974.9969 144574590.9974 10720.0000
-73683934.9969 144476276.9974 10720.0000
-73666632.9969 144498402.9974 10730.0000
-73673785.9969 144485038.9974 10730.0000
-73582781.4060 144587475.5454 10750.0000
-73628237.5108 144544208.3209 10750.0000
-73700375.0754 144447706.5085 10750.0000
-73687092.9969 144471351.9974 10780.0000
-73640024.9969 144529238.9974 10810.0000
-73698617.9969 144449570.9974 10810.0000
-73695757.9969 144451021.9974 10820.0000
-73643982.9969 144525025.9974 10830.0000
-73589394.9969 144581448.9974 10840.0000
-73641638.9969 144527400.9974 10840.0000
-73583619.9969 144590841.9974 10850.0000
-73655687.9969 144514647.9974 10850.0000
-73639250.9969 144532240.9974 10870.0000
-73635742.9969 144534826.9974 10910.0000
-73697508.9969 144453410.9974 10920.0000
-73579296.9969 144593749.9974 10990.0000
-73634276.9969 144540091.9974 10990.0000
-73582501.8621 144593796.4988 11000.0000
-73592634.9969 144582074.9974 11000.0000
-73629949.5170 144547240.2997 11000.0000
-73649723.9969 144524717.9974 11000.0000
-73701202.3758 144450740.7666 11000.0000
-73594640.9969 144585807.9974 11040.0000
-73662575.9969 144512431.9974 11040.0000
-73679016.9969 144492504.9974 11040.0000
-73627697.9969 144552033.9974 11060.0000
-73632080.9969 144548345.9974 11100.0000
-73657474.9969 144517147.9974 11100.0000
-73615182.9969 144578182.9974 11110.0000
-73618257.9969 144577328.9974 11110.0000
-73636333.9969 144541846.9974 11120.0000
-73585485.9969 144593294.9974 11140.0000
-73656934.9969 144519840.9974 11140.0000
-73579376.9969 144598003.9974 11150.0000
-73631827.9969 144551175.9974 11160.0000
-73692934.9969 144461434.9974 11160.0000
-73621226.9969 144576283.9974 11170.0000
-73689875.9969 144475634.9974 11170.0000
-73637856.9969 144543535.9974 11190.0000
-73624301.9969 144575651.9974 11210.0000
-73651338.9969 144520852.9974 11210.0000
-73691202.9969 144466705.9974 11210.0000
-73648124.9969 144531447.9974 11220.0000
-73652504.9969 144518634.9974 11220.0000
-73687909.9969 144484381.9974 11230.0000
-73603222.9969 144586197.9974 11240.0000
-73634598.9969 144551614.9974 11240.0000
-73654212.9969 144526901.9974 11240.0000
-73669787.9969 144504642.9974 11240.0000
-73698933.9969 144455850.9974 11240.0000
-73577416.0948 144602735.9435 11250.0000
-73583515.0948 144596924.9435 11250.0000
-73633952.9969 144558019.9974 11250.0000
-73634643.0948 144555853.9435 11250.0000
-73702347.9245 144453838.5048 11250.0000
-73604212.9969 144587764.9974 11260.0000
-73630405.9969 144560117.9974 11260.0000
-73632175.9969 144558627.9974 11280.0000
-73637193.9969 144550753.9974 11280.0000
-73598985.9969 144590046.9974 11290.0000
-73649931.9969 144533943.9974 11290.0000
-73649933.9969 144533957.9974 11290.0000
-73664505.9969 144513904.9974 11300.0000
-73607033.9969 144586717.9974 11310.0000
-73610137.9969 144585832.9974 11320.0000
-73592869.9969 144592398.9974 11330.0000
-73600983.9969 144590659.9974 11350.0000
-73629071.9969 144567418.9974 11350.0000
-73629276.9969 144575160.9974 11350.0000
-73656544.9969 144526301.9974 11370.0000
-73632507.9969 144565266.9974 11380.0000
-73665563.9969 144515071.9974 11380.0000
-73680075.9969 144493846.9974 11400.0000
-73657841.9969 144525416.9974 11410.0000
-73661889.9969 144522666.9974 11410.0000
-73597445.9969 144594464.9974 11430.0000
-73647264.9969 144543554.9974 11430.0000
-73701160.9969 144458141.9974 11440.0000
-73659585.9969 144524251.9974 11460.0000
-73664902.9969 144521079.9974 11460.0000
-73618504.9969 144585354.9974 11480.0000
-73579612.2628 144607304.5194 11500.0000
-73595276.8035 144598848.2773 11500.0000
-73630117.2560 144574893.8762 11500.0000
-73703086.2949 144457501.9876 11500.0000
-73663171.9969 144526297.9974 11520.0000
-73670242.9969 144515351.9974 11540.0000
-73672354.9969 144508135.9974 11540.0000
-73581905.9969 144606470.9974 11550.0000
-73607782.9969 144592044.9974 11590.0000
-73631503.9969 144574800.9974 11610.0000
-73651432.9969 144546467.9974 11610.0000
-73602730.9969 144595645.9974 11620.0000
-73674401.9969 144511309.9974 11620.0000
-73633108.9969 144576629.9974 11630.0000
-73613794.9969 144593009.9974 11640.0000
-73637091.9969 144571882.9974 11640.0000
-73654207.9969 144541518.9974 11640.0000
-73635396.9969 144574542.9974 11670.0000
-73618920.9969 144589426.9974 11680.0000
-73669555.9969 144524937.9974 11690.0000
-73664621.9969 144531045.9974 11730.0000
-73585839.5960 144609750.6153 11750.0000
-73596624.5960 144605952.6153 11750.0000
-73632254.1305 144580869.4532 11750.0000
-73636338.9969 144576205.9974 11750.0000
-73703740.9245 144461303.5048 11750.0000
-73674911.9969 144519166.9974 11760.0000
-73680682.9969 144501676.9974 11760.0000
-73681150.9969 144514422.9974 11770.0000
-73637633.9969 144576944.9974 11780.0000
-73651026.9969 144552171.9974 11780.0000
-73695969.9969 144483005.9974 11790.0000
-73598559.9969 144606506.9974 11800.0000
-73640255.9969 144575848.9974 11810.0000
-73679777.9969 144507839.9974 11830.0000
-73684928.9969 144518401.9974 11850.0000
-73584594.9969 144612354.9974 11860.0000
-73700611.9969 144466301.9974 11870.0000
-73662503.9969 144541688.9974 11880.0000
-73666013.9969 144540519.9974 11880.0000
-73660484.9969 144543903.9974 11900.0000
-73682965.9969 144511682.9974 11910.0000
-73683131.9969 144499887.9974 11920.0000
-73702390.9969 144466347.9974 11940.0000
-73639172.0000 144583827.0000 11950.0000
-73601081.9969 144603912.9974 11970.0000
-73684065.9969 144506236.9974 11970.0000
-73587903.5536 144614316.0082 12000.0000
-73597254.2384 144610406.1832 12000.0000
-73634261.9042 144586791.7020 12000.0000
-73651470.1386 144568416.3427 12000.0000
-73704598.4939 144466284.7008 12000.0000
-73659992.9969 144548290.9974 12010.0000
-73624037.9969 144600439.9974 12020.0000
-73610550.9969 144602541.9974 12030.0000
-73634391.0000 144589023.0000 12030.0000
-73637847.0000 144585798.0000 12050.0000
-73689024.9969 144494537.9974 12060.0000
-73631423.9969 144591626.9974 12090.0000
-73657087.9969 144560596.9974 12120.0000
-73686759.9969 144502652.9974 12130.0000
-73690534.9969 144492897.9974 12190.0000
-73619024.9969 144602657.9974 12200.0000
-73641912.9969 144592291.9974 12230.0000
-73589133.6687 144620955.4921 12250.0000
-73597918.9893 144614106.2331 12250.0000
-73636761.9956 144593032.7427 12250.0000
-73644129.6620 144592061.0010 12250.0000
-73653583.8995 144569715.7646 12250.0000
-73704668.0426 144472453.4391 12250.0000
-73588739.9969 144622396.9974 12310.0000
-73628592.9969 144602289.9974 12340.0000
-73703590.9969 144475309.9974 12350.0000
-73623685.9969 144608147.9974 12370.0000
-73640012.0000 144595733.0000 12370.0000
-73689889.9969 144503354.9974 12390.0000
-73705267.9969 144476156.9974 12390.0000
-73639606.0000 144589472.0000 12400.0000
-73635816.9969 144600896.9974 12410.0000
-73692092.9969 144497984.9974 12450.0000
-73694647.9969 144490009.9974 12490.0000
-73589306.5193 144626970.0966 12500.0000
-73598762.5193 144618792.0966 12500.0000
-73611176.9969 144616652.9974 12500.0000
-73632134.9969 144607347.9974 12500.0000
-73635446.9969 144605890.9974 12500.0000
-73638723.9792 144598823.1700 12500.0000
-73655081.9969 144586998.9974 12500.0000
-73655549.2579 144571003.7977 12500.0000
-73704887.6041 144477873.7960 12500.0000
-73693680.9969 144499130.9974 12510.0000
-73602413.9969 144616442.9974 12550.0000
-73704983.9969 144484618.9974 12550.0000
-73704053.9969 144481268.9974 12560.0000
-73701712.9969 144490143.9974 12620.0000
-73692227.9969 144504714.9974 12640.0000
-73637442.9969 144603297.9974 12670.0000
-73648851.9969 144595265.9974 12690.0000
-73702715.9969 144485107.9974 12690.0000
-73591374.9969 144630350.9974 12740.0000
-73620333.9969 144617782.9974 12740.0000
-73592128.1898 144631805.9377 12750.0000
-73600596.1898 144627464.9377 12750.0000
-73640293.9241 144604316.8780 12750.0000
-73657140.7765 144571988.3579 12750.0000
-73707831.2820 144483873.1589 12750.0000
-73602638.9969 144628018.9974 12760.0000
-73637664.9969 144610124.9974 12780.0000
-73595525.9969 144633213.9974 12830.0000
-73599214.9969 144634821.9974 12830.0000
-73597228.9969 144638472.9974 12850.0000
-73655809.9969 144594238.9974 12900.0000
-73698402.9969 144494645.9974 12910.0000
-73605122.9969 144628694.9974 12930.0000
-73703853.9969 144489089.9974 12950.0000
-73708870.9969 144489537.9974 12950.0000
-73648267.9969 144597843.9974 12960.0000
-73657449.9969 144592926.9974 12960.0000
-73629826.9969 144618322.9974 12980.0000
-73639297.9969 144612939.9974 12990.0000
-73694901.9969 144505671.9974 12990.0000
-73699274.9969 144495901.9974 12990.0000
-73705653.9969 144487593.9974 12990.0000
-73601903.1272 144637246.0666 13000.0000
-73642858.7315 144611628.9664 13000.0000
-73658780.2889 144573281.6136 13000.0000
-73710055.4654 144485126.3205 13000.0000
-73643444.9969 144611695.9974 13010.0000
-73615352.9969 144626586.9974 13070.0000
-73645005.9969 144602696.9974 13200.0000
-73651900.9969 144602818.9974 13200.0000
-73603284.9152 144641833.0327 13250.0000
-73644172.1814 144619369.2334 13250.0000
-73660958.1461 144574537.9420 13250.0000
-73698030.9969 144504437.9974 13250.0000
-73712148.2820 144486559.1589 13250.0000
-73625398.9969 144624682.9974 13260.0000
-73708608.9969 144492301.9974 13290.0000
-73603547.9969 144645197.9974 13300.0000
-73634924.9969 144622534.9974 13300.0000
-73648465.9969 144620422.9974 13310.0000
-73724114.9969 144482777.9974 13330.0000
-73605855.9969 144644597.9974 13340.0000
-73616662.9969 144636541.9974 13350.0000
-73628099.9969 144634860.9974 13350.0000
-73640842.9969 144622096.9974 13350.0000
-73706838.9969 144494933.9974 13360.0000
-73706953.9969 144497083.9974 13360.0000
-73606695.9969 144638692.9974 13380.0000
-73662384.9969 144573281.9974 13400.0000
-73636020.9969 144635968.9974 13430.0000
-73644638.9969 144626079.9974 13470.0000
-73625512.9969 144637176.9974 13480.0000
-73646875.9969 144625120.9974 13480.0000
-73712689.9969 144489689.9974 13490.0000
-73606004.2747 144651435.0087 13500.0000
-73646675.4514 144626902.8934 13500.0000
-73662379.7318 144575388.2939 13500.0000
-73715565.9947 144488666.8530 13500.0000
-73625659.9969 144640107.9974 13580.0000
-73705009.9969 144500445.9974 13650.0000
-73647920.9969 144632720.9974 13680.0000
-73645698.9969 144633082.9974 13710.0000
-73714908.9969 144496599.9974 13710.0000
-73609099.9969 144659238.9974 13740.0000
-73609119.3362 144654470.3920 13750.0000
-73648834.3362 144632162.3920 13750.0000
-73663163.5428 144575884.4291 13750.0000
-73720781.6166 144491334.0258 13750.0000
-73648504.9969 144635705.9974 13760.0000
-73610711.9969 144651823.9974 13790.0000
-73721341.9969 144492477.9974 13810.0000
-73619320.9969 144650290.9974 13820.0000
-73715936.9969 144494036.9974 13830.0000
-73637272.9969 144647009.9974 13840.0000
-73625933.9969 144642972.9974 13850.0000
-73611526.9969 144649594.9974 13870.0000
-73626884.9969 144647587.9974 13870.0000
-73613159.9969 144647934.9974 13880.0000
-73647778.9969 144641117.9974 13880.0000
-73687933.9969 144526613.9974 13880.0000
-73694020.9969 144518823.9974 13920.0000
-73642571.9969 144644249.9974 13930.0000
-73612933.9969 144663209.9974 13950.0000
-73611158.2031 144668551.1080 14000.0000
-73650958.6775 144633946.9628 14000.0000
-73664043.2605 144576485.7507 14000.0000
-73724137.3242 144493164.4931 14000.0000
-73648333.9969 144646743.9974 14040.0000
-73650618.9969 144646167.9974 14040.0000
-73670764.9969 144556415.9974 14060.0000
-73673131.9969 144550642.9974 14100.0000
-73661314.9969 144586349.9974 14110.0000
-73622125.9969 144670923.9974 14120.0000
-73612029.9969 144672838.9974 14130.0000
-73619638.9969 144661562.9974 14130.0000
-73713936.9969 144498974.9974 14140.0000
-73628751.9969 144658152.9974 14170.0000
-73664401.9969 144576821.9974 14170.0000
-73616820.9969 144672549.9974 14200.0000
-73630888.9969 144659048.9974 14240.0000
-73711346.9969 144503272.9974 14240.0000
-73612872.4625 144678937.8737 14250.0000
-73653141.4625 144634584.8737 14250.0000
-73664847.5439 144576980.3166 14250.0000
-73726323.6166 144494298.0258 14250.0000
-73643728.9969 144659884.9974 14270.0000
-73630334.9969 144664280.9974 14290.0000
-73645697.9969 144660668.9974 14290.0000
-73697104.9969 144513528.9974 14290.0000
-73679886.9969 144540283.9974 14300.0000
-73616457.9969 144676141.9974 14310.0000
-73683179.9969 144535443.9974 14310.0000
-73705193.9969 144508166.9974 14310.0000
-73724889.9969 144511277.9974 14310.0000
-73719275.9969 144515307.9974 14330.0000
-73633113.9969 144668075.9974 14340.0000
-73724429.9969 144499921.9974 14340.0000
-73708251.9969 144512599.9974 14350.0000
-73733086.9969 144504464.9974 14350.0000
-73704331.9969 144516216.9974 14360.0000
-73712502.9969 144505327.9974 14360.0000
-73715101.9969 144518831.9974 14370.0000
-73719087.9969 144503817.9974 14370.0000
-73701855.9969 144518708.9974 14380.0000
-73710399.9969 144523344.9974 14380.0000
-73723604.9969 144496957.9974 14380.0000
-73688621.9969 144533925.9974 14390.0000
-73691353.9969 144526167.9974 14390.0000
-73716573.9969 144500698.9974 14390.0000
-73655680.9969 144632281.9974 14400.0000
-73695369.9969 144525648.9974 14400.0000
-73698938.9969 144517649.9974 14400.0000
-73699594.9969 144535136.9974 14400.0000
-73715437.9969 144501784.9974 14410.0000
-73679234.9969 144544150.9974 14420.0000
-73706820.9969 144526627.9974 14440.0000
-73674341.9969 144561503.9974 14450.0000
-73683968.9969 144542245.9974 14450.0000
-73653969.9969 144665399.9974 14460.0000
-73693071.9969 144544089.9974 14460.0000
-73678781.9969 144551477.9974 14480.0000
-73705931.9969 144512118.9974 14480.0000
-73719489.9969 144500656.9974 14480.0000
-73673497.9969 144556083.9974 14490.0000
-73687497.9969 144555095.9974 14490.0000
-73701984.9969 144512407.9974 14490.0000
-73703825.9969 144510313.9974 14490.0000
-73613169.5130 144689103.8039 14500.0000
-73652869.3411 144667654.9564 14500.0000
-73655226.4942 144635321.4218 14500.0000
-73672036.9969 144568566.9974 14500.0000
-73687655.9969 144531371.9974 14500.0000
-73713704.9969 144504977.9974 14500.0000
-73720140.9969 144517574.9974 14500.0000
-73660758.9969 144596902.9974 14510.0000
-73661049.9969 144609297.9974 14510.0000
-73666335.9969 144593594.9974 14510.0000
-73729594.9969 144509386.9974 14510.0000
-73664190.9969 144602172.9974 14520.0000
-73682512.9969 144565716.9974 14520.0000
-73699671.9969 144539019.9974 14520.0000
-73665791.9969 144582659.9974 14530.0000
-73669275.9969 144578761.9974 14530.0000
-73690544.9969 144528248.9974 14530.0000
-73700712.9969 144517493.9974 14530.0000
-73715104.9969 144526631.9974 14530.0000
-73735164.9969 144510090.9974 14530.0000
-73656663.9969 144633914.9974 14540.0000
-73668127.9969 144572634.9974 14540.0000
-73682058.9969 144539616.9974 14540.0000
-73692968.9969 144524999.9974 14540.0000
-73650020.9969 144669846.9974 14550.0000
-73656397.9969 144627437.9974 14550.0000
-73662357.9969 144619554.9974 14550.0000
-73664651.9969 144599232.9974 14550.0000
-73618598.9969 144689904.9974 14570.0000
-73670399.9969 144564325.9974 14570.0000
-73678870.9969 144578111.9974 14570.0000
-73708998.9969 144528426.9974 14570.0000
-73658668.9969 144614316.9974 14580.0000
-73662071.9969 144601774.9974 14580.0000
-73678546.9969 144549004.9974 14580.0000
-73675427.9969 144594107.9974 14590.0000
-73660558.9969 144598461.9974 14600.0000
-73673250.9969 144557970.9974 14600.0000
-73724715.9969 144518659.9974 14610.0000
-73664212.9969 144589673.9974 14620.0000
-73614668.9969 144700773.9974 14630.0000
-73616757.9969 144691341.9974 14630.0000
-73663775.9969 144599029.9974 14630.0000
-73615462.9969 144693496.9974 14640.0000
-73659867.9969 144603752.9974 14640.0000
-73667101.9969 144576343.9974 14640.0000
-73670211.9969 144566231.9974 14640.0000
-73729447.9969 144502536.9974 14640.0000
-73631932.9969 144674847.9974 14650.0000
-73660587.9969 144620489.9974 14650.0000
-73671655.9969 144629722.9974 14650.0000
-73672775.9969 144611254.9974 14650.0000
-73720018.9969 144509730.9974 14650.0000
-73702953.9969 144525308.9974 14660.0000
-73711174.9969 144516826.9974 14660.0000
-73630411.9969 144675172.9974 14670.0000
-73663753.9969 144631928.9974 14670.0000
-73657105.9969 144637111.9974 14680.0000
-73695438.9969 144534000.9974 14680.0000
-73697656.9969 144547534.9974 14690.0000
-73615467.9969 144687209.9974 14700.0000
-73661439.9969 144594962.9974 14700.0000
-73656114.9969 144646258.9974 14740.0000
-73688863.9969 144543205.9974 14740.0000
-73691608.9969 144551171.9974 14740.0000
-73692526.9969 144556778.9974 14740.0000
-73621017.5338 144693499.4941 14750.0000
-73656374.3161 144672037.3023 14750.0000
-73657444.3407 144635539.4819 14750.0000
-73681081.0015 144577934.0013 14750.0000
-73683150.9969 144553264.9974 14750.0000
-73661763.9969 144641368.9974 14760.0000
-73676815.9969 144568306.9974 14770.0000
-73685606.9969 144563797.9974 14770.0000
-73657824.9969 144632304.9974 14780.0000
-73678430.9969 144563797.9974 14780.0000
-73678714.0015 144591225.0013 14790.0000
-73687875.9969 144567579.9974 14790.0000
-73694917.9969 144555780.9974 14790.0000
-73618540.9969 144694881.9974 14800.0000
-73623061.9969 144691062.9974 14800.0000
-73671473.9969 144638240.9974 14800.0000
-73673819.9969 144578571.9974 14810.0000
-73681400.9969 144591436.9974 14810.0000
-73683992.9969 144580221.9974 14820.0000
-73671702.9969 144589048.9974 14830.0000
-73632354.9969 144687207.9974 14840.0000
-73669754.9969 144599629.9974 14850.0000
-73679037.9969 144604230.9974 14850.0000
-73664122.9969 144651434.9974 14860.0000
-73667813.9969 144610337.9974 14860.0000
-73674604.0015 144621031.0013 14860.0000
-73634384.9969 144686954.9974 14870.0000
-73667428.9969 144621784.9974 14870.0000
-73675674.0015 144606979.0013 14870.0000
-73630457.9969 144689583.9974 14890.0000
-73671939.9969 144653860.9974 14890.0000
-73677890.9969 144613093.9974 14890.0000
-73659963.9969 144643533.9974 14900.0000
-73677030.9969 144625543.9974 14900.0000
-73656933.9969 144649719.9974 14920.0000
-73666521.9969 144632166.9974 14920.0000
-73656767.9969 144679159.9974 14950.0000
-73674346.0015 144634234.0013 14950.0000
-73665130.9969 144662293.9974 14960.0000
-73636423.9969 144688240.9974 14970.0000
-73660331.9969 144652299.9974 14980.0000
-73639507.2515 144689170.3942 15000.0000
-73656438.9969 144654373.9974 15000.0000
-73657781.8400 144677326.6954 15000.0000
-73641172.9969 144690317.9974 15020.0000
-73643446.9969 144687478.9974 15020.0000
-73672975.9969 144664376.9974 15040.0000
-73653419.9969 144682993.9974 15050.0000
-73666511.9969 144642987.9974 15050.0000
-73661179.9969 144660442.9974 15060.0000
-73658491.9969 144681540.9974 15070.0000
-73666201.9969 144673149.9974 15070.0000
-73651376.9969 144685853.9974 15080.0000
-73673973.9969 144676163.9974 15110.0000
-73661897.9969 144670941.9974 15160.0000
-73666958.9969 144653998.9974 15170.0000
-73667837.9969 144687638.9974 15190.0000
-73677058.9969 144653480.9974 15210.0000
-73675225.0015 144662865.0013 15220.0000
-73656814.9969 144687578.9974 15240.0000
-73659863.9969 144687329.9974 15240.0000
-73675874.9969 144687787.9974 15240.0000
-73661166.5781 144685519.7110 15250.0000
-73664778.9969 144681669.9974 15250.0000
-73667773.9969 144664756.9974 15270.0000
-73663352.9969 144680456.9974 15290.0000
-73662142.9969 144687329.9974 15320.0000
-73660863.9969 144677921.9974 15340.0000
-73678372.9969 144697937.9974 15340.0000
-73678778.9969 144672739.9974 15340.0000
-73668983.9969 144675796.9974 15360.0000
-73670565.9969 144696930.9974 15360.0000
-73677012.0015 144676872.0013 15360.0000
-73662202.9969 144690963.9974 15380.0000
-73666588.9969 144696702.9974 15430.0000
-73670815.9969 144686363.9974 15470.0000
-73679728.9969 144691572.9974 15470.0000
-73681120.9969 144687382.9974 15470.0000
-73680716.9969 144705896.9974 15490.0000
-73674235.9969 144708870.9974 15500.0000
-73634373.9969 144752350.9974 15580.0000
-73669303.9969 144706290.9974 15580.0000
-73632092.9969 144752110.9974 15600.0000
-73644911.9969 144749816.9974 15600.0000
-73638479.9969 144751472.9974 15610.0000
-73673215.9969 144697252.9974 15610.0000
-73676970.9969 144717684.9974 15610.0000
-73636375.9969 144751221.9974 15620.0000
-73667158.9969 144745342.9974 15630.0000
-73640742.9969 144750163.9974 15640.0000
-73670458.9969 144710846.9974 15640.0000
-73651645.9969 144752028.9974 15650.0000
-73642745.9969 144750026.9974 15660.0000
-73656459.9969 144750353.9974 15670.0000
-73658647.9969 144747248.9974 15670.0000
-73664926.9969 144744838.9974 15670.0000
-73673177.9969 144743772.9974 15670.0000
-73685747.9969 144720013.9974 15690.0000
-73648278.9969 144755410.9974 15700.0000
-73668164.9969 144716088.9974 15710.0000
-73649985.9969 144753788.9974 15720.0000
-73654572.9969 144749419.9974 15720.0000
-73680660.9969 144726362.9974 15720.0000
-73685196.9969 144702312.9974 15720.0000
-73653739.9969 144752496.9974 15730.0000
-73670002.9969 144720979.9974 15730.0000
-73660812.9969 144747467.9974 15740.0000
-73675369.9969 144751591.9974 15740.0000
-73676516.9969 144708178.9974 15740.0000
-73633838.8618 144760607.8673 15750.0000
-73672941.0913 144743032.5476 15750.0000
-73658898.9969 144761218.9974 15760.0000
-73682567.9969 144702867.9974 15760.0000
-73667290.9969 144751793.9974 15770.0000
-73660132.9969 144751744.9974 15780.0000
-73651839.9969 144764803.9974 15790.0000
-73674071.9969 144721666.9974 15810.0000
-73654818.9969 144761939.9974 15820.0000
-73653356.9969 144762979.9974 15830.0000
-73660968.9969 144761151.9974 15830.0000
-73676298.9969 144744936.9974 15830.0000
-73656869.9969 144762041.9974 15840.0000
-73664139.9969 144759251.9974 15840.0000
-73646901.9969 144763718.9974 15850.0000
-73658108.9969 144777309.9974 15850.0000
-73664638.9969 144778109.9974 15850.0000
-73668955.9969 144757896.9974 15850.0000
-73688572.0015 144719139.0013 15850.0000
-73671094.9969 144725777.9974 15860.0000
-73642935.9969 144770048.9974 15870.0000
-73649192.9969 144763679.9974 15870.0000
-73676812.9969 144757055.9974 15870.0000
-73669905.9969 144781050.9974 15880.0000
-73640814.9969 144770289.9974 15890.0000
-73644178.9969 144767841.9974 15890.0000
-73646165.9969 144767258.9974 15890.0000
-73665233.9969 144766927.9974 15890.0000
-73680435.9969 144719324.9974 15890.0000
-73662832.9969 144779037.9974 15910.0000
-73666236.9969 144777720.9974 15910.0000
-73667746.9969 144777143.9974 15910.0000
-73669305.9969 144775957.9974 15910.0000
-73678853.9969 144749573.9974 15910.0000
-73661118.9969 144779641.9974 15920.0000
-73690734.9969 144731165.9974 15920.0000
-73639055.9969 144771166.9974 15930.0000
-73690616.9969 144717641.9974 15940.0000
-73672983.9969 144773509.9974 15960.0000
-73679501.9969 144756678.9974 15960.0000
-73656746.9969 144779349.9974 15970.0000
-73678606.9969 144771715.9974 15970.0000
-73686665.0015 144739796.0013 15970.0000
-73674384.9969 144736638.9974 15990.0000
-73636951.9703 144772369.7659 16000.0000
-73655099.9969 144781241.9974 16000.0000
-73677144.3758 144735388.7593 16000.0000
-73692894.9969 144723115.9974 16010.0000
-73637100.9969 144773201.9974 16020.0000
-73680380.9969 144734894.9974 16020.0000
-73651472.9969 144782673.9974 16030.0000
-73653139.9969 144785635.9974 16030.0000
-73649925.9969 144783763.9974 16050.0000
-73653083.9969 144781623.9974 16060.0000
-73684807.9969 144729966.9974 16060.0000
-73647694.9969 144783485.9974 16070.0000
-73646058.9969 144784033.9974 16090.0000
-73697708.9969 144744780.9974 16100.0000
-73664013.9969 144790576.9974 16110.0000
-73681038.9969 144768111.9974 16110.0000
-73683333.9969 144756262.9974 16120.0000
-73686022.9969 144768327.9974 16120.0000
-73641439.9969 144784735.9974 16130.0000
-73681370.9969 144743692.9974 16140.0000
-73698312.9969 144745711.9974 16140.0000
-73644730.9969 144786267.9974 16150.0000
-73693621.0015 144730633.0013 16170.0000
-73685073.9969 144766298.9974 16180.0000
-73701931.9969 144751937.9974 16210.0000
-73683339.9969 144746445.9974 16220.0000
-73696985.9969 144731856.9974 16220.0000
-73689926.9969 144740418.9974 16240.0000
-73643170.8135 144788647.0162 16250.0000
-73660974.9969 144798261.9974 16250.0000
-73680540.6620 144741245.0010 16250.0000
-73687100.9731 144772399.6275 16250.0000
-73701108.0015 144743359.0013 16260.0000
-73678599.9969 144740883.9974 16280.0000
-73700533.9969 144738509.9974 16280.0000
-73691504.9969 144766232.9974 16300.0000
-73697577.9969 144763380.9974 16390.0000
-73686856.9969 144758488.9974 16400.0000
-73695769.9969 144751087.9974 16410.0000
-73668795.9969 144793384.9974 16430.0000
-73685890.0015 144780182.0013 16450.0000
-73693120.9969 144770339.9974 16460.0000
-73707675.9969 144761395.9974 16460.0000
-73693716.9969 144759870.9974 16470.0000
-73701952.9969 144765587.9974 16470.0000
-73706481.9969 144748706.9974 16490.0000
-73644660.1165 144792310.4222 16500.0000
-73692487.6620 144774137.0010 16500.0000
-73694774.0015 144766995.0013 16500.0000
-73696281.9969 144762789.9974 16500.0000
-73709189.9969 144762965.9974 16510.0000
-73705130.9969 144772687.9974 16550.0000
-73689056.9969 144780923.9974 16560.0000
-73696223.9969 144770817.9974 16580.0000
-73701849.9969 144761127.9974 16580.0000
-73667616.9969 144795735.9974 16610.0000
-73694633.9969 144782253.9974 16610.0000
-73698910.9969 144766852.9974 16650.0000
-73686056.9969 144788685.9974 16660.0000
-73700775.9969 144771837.9974 16660.0000
-73660041.9969 144801164.9974 16670.0000
-73712386.9969 144758486.9974 16670.0000
-73705413.9969 144776988.9974 16680.0000
-73696066.9969 144778489.9974 16700.0000
-73716356.9969 144762723.9974 16700.0000
-73700456.9969 144773874.9974 16720.0000
-73696003.9969 144774537.9974 16740.0000
-73711575.9969 144778635.9974 16740.0000
-73646023.8135 144795779.0162 16750.0000
-73673410.6658 144794300.0592 16750.0000
-73692540.9969 144787359.9974 16750.0000
-73676388.9969 144796060.9974 16780.0000
-73682080.9969 144795286.9974 16810.0000
-73675889.9969 144793616.9974 16840.0000
-73708095.9969 144770319.9974 16850.0000
-73719254.9969 144766476.9974 16900.0000
-73664995.0015 144797970.0013 16910.0000
-73663570.9969 144799891.9974 16960.0000
-73647479.3176 144799507.2062 17000.0000
-73666993.8402 144799083.8460 17000.0000
-73666515.9969 144803241.9974 17100.0000
-73669398.9969 144804888.9974 17130.0000
-73664399.9969 144802425.9974 17240.0000
-73649159.8618 144803377.8673 17250.0000
-73650392.0146 144806650.8002 17500.0000
-73658538.9969 144809545.9974 17500.0000
-73654326.9969 144812414.9974 17630.0000
-73655916.9969 144814262.9974 17680.0000
-73653318.9969 144810521.9974 17710.0000
-73644946.9969 144819804.9974 18140.0000
-73646746.9969 144821336.9974 18170.0000
-73638135.9969 144824389.9974 18320.0000
-73582091.9969 144345302.9974 5650.0000
-73567292.9969 144346882.9974 5660.0000
-73569299.9969 144348283.9974 5690.0000
-73589228.9969 144347229.9974 5710.0000
-73572025.9969 144342707.9974 5720.0000
-73569365.9969 144365990.9974 5750.0000
-73573397.3548 144349192.3665 5750.0000
-73577020.7608 144344785.3441 5750.0000
-73564158.9969 144374465.9974 5760.0000
-73568292.9969 144350769.9974 5760.0000
-73576170.9969 144349599.9974 5770.0000
-73593194.9969 144348578.9974 5780.0000
-73630242.9969 144355215.9974 5780.0000
-73567185.9969 144373633.9974 5790.0000
-73570517.9969 144362730.9974 5790.0000
-73595650.9969 144351067.9974 5790.0000
-73625155.9969 144349778.9974 5790.0000
-73599657.9969 144355665.9974 5810.0000
-73562978.9969 144382379.9974 5820.0000
-73601326.9969 144358743.9974 5840.0000
-73620356.9969 144323386.9974 5850.0000
-73621633.9969 144325233.9974 5850.0000
-73574546.9969 144359809.9974 5860.0000
-73582400.9969 144353817.9974 5860.0000
-73624835.9969 144324457.9974 5860.0000
-73607069.9969 144366524.9974 5870.0000
-73552633.9969 144286215.9974 5880.0000
-73562103.9969 144393939.9974 5880.0000
-73565683.9969 144343340.9974 5880.0000
-73619735.9969 144316473.9974 5880.0000
-73553449.9969 144283988.9974 5890.0000
-73573835.9969 144372870.9974 5900.0000
-73624570.9969 144327603.9974 5900.0000
-73560262.9969 144402483.9974 5920.0000
-73618837.9969 144318415.9974 5920.0000
-73630296.9969 144332535.9974 5960.0000
-73616072.9969 144310694.9974 5970.0000
-73622997.9969 144340722.9974 5970.0000
-73629856.9969 144335897.9974 5970.0000
-73611659.9969 144302577.9974 5980.0000
-73612021.9969 144376756.9974 5980.0000
-73553678.9969 144297977.9974 5990.0000
-73613605.9969 144310066.9974 5990.0000
-73619823.9969 144330962.9974 5990.0000
-73635514.9969 144340424.9974 5990.0000
-73558338.6371 144399587.9470 6000.0000
-73560465.0459 144286729.7864 6000.0000
-73578038.5832 144340202.6115 6000.0000
-73612068.4042 144308172.7686 6000.0000
-73621787.9969 144343332.9974 6000.0000
-73634000.4042 144329473.7686 6000.0000
-73556469.9969 144377315.9974 6010.0000
-73559509.9969 144288027.9974 6010.0000
-73608509.9969 144300485.9974 6010.0000
-73607790.9969 144292216.9974 6020.0000
-73610975.9969 144319814.9974 6020.0000
-73558538.9969 144289585.9974 6030.0000
-73544008.9969 144310161.9974 6050.0000
-73558978.9969 144408952.9974 6050.0000
-73605657.9969 144292102.9974 6050.0000
-73608152.9969 144308370.9974 6050.0000
-73642655.9969 144359262.9974 6050.0000
-73603932.9969 144290282.9974 6060.0000
-73635779.9969 144344857.9974 6060.0000
-73507238.9969 144484251.9974 6070.0000
-73615861.9969 144333471.9974 6070.0000
-73497326.9969 144491781.9974 6080.0000
-73601555.9969 144287857.9974 6080.0000
-73602559.9969 144289876.9974 6080.0000
-73613510.9969 144337172.9974 6080.0000
-73542505.9969 144312968.9974 6090.0000
-73563448.9969 144343396.9974 6090.0000
-73546366.9969 144358671.9974 6100.0000
-73604426.9969 144287758.9974 6100.0000
-73546315.9969 144368053.9974 6110.0000
-73559559.9969 144356311.9974 6110.0000
-73604115.9969 144303871.9974 6130.0000
-73641471.9969 144349406.9974 6130.0000
-73534698.9969 144367639.9974 6140.0000
-73545931.9969 144314003.9974 6140.0000
-73546120.9969 144370930.9974 6140.0000
-73546664.9969 144346454.9974 6140.0000
-73551812.9969 144376081.9974 6140.0000
-73552226.9969 144304210.9974 6140.0000
-73603250.9969 144313376.9974 6140.0000
-73545956.9969 144361764.9974 6150.0000
-73548017.9969 144353178.9974 6150.0000
-73552669.9969 144439636.9974 6150.0000
-73619440.9969 144391481.9974 6150.0000
-73545603.9969 144364816.9974 6160.0000
-73549274.9969 144337548.9974 6160.0000
-73553415.9969 144306276.9974 6160.0000
-73555271.9969 144339262.9974 6160.0000
-73618337.9969 144388822.9974 6160.0000
-73640115.9969 144364612.9974 6160.0000
-73535311.9969 144364397.9974 6170.0000
-73537489.9969 144354640.9974 6170.0000
-73544803.9969 144380281.9974 6170.0000
-73547963.9969 144342254.9974 6170.0000
-73558702.9969 144300129.9974 6170.0000
-73600296.9969 144352391.9974 6170.0000
-73603700.9969 144336766.9974 6170.0000
-73641010.9969 144352688.9974 6170.0000
-73553573.9969 144408513.9974 6180.0000
-73560894.9969 144346591.9974 6180.0000
-73595883.9969 144288499.9974 6180.0000
-73612438.9969 144327442.9974 6180.0000
-73535742.9969 144361381.9974 6190.0000
-73556251.9969 144345997.9974 6190.0000
-73537309.9969 144357696.9974 6200.0000
-73553520.9969 144442509.9974 6200.0000
-73553712.9969 144361377.9974 6200.0000
-73563687.9969 144291473.9974 6200.0000
-73566035.9969 144289991.9974 6200.0000
-73548688.9969 144375258.9974 6210.0000
-73563306.9969 144412723.9974 6210.0000
-73532481.9969 144368069.9974 6220.0000
-73541140.9969 144321098.9974 6220.0000
-73542778.9969 144379863.9974 6220.0000
-73552740.9969 144346167.9974 6220.0000
-73573352.9969 144399577.9974 6220.0000
-73582348.9969 144402677.9974 6230.0000
-73576697.9969 144292563.9974 6240.0000
-73498482.4117 144495967.4327 6250.0000
-73515387.9969 144479098.9974 6250.0000
-73534263.9876 144362651.6469 6250.0000
-73549813.6633 144406069.0533 6250.0000
-73555034.0151 144442658.4916 6250.0000
-73568413.9969 144406861.9974 6250.0000
-73573450.9969 144290491.9974 6250.0000
-73575058.7671 144290126.9500 6250.0000
-73578167.6630 144292614.0010 6250.0000
-73579169.9593 144335035.9949 6250.0000
-73586491.9969 144418835.9974 6250.0000
-73587729.2322 144288106.3410 6250.0000
-73598551.9969 144296788.9974 6250.0000
-73613117.9969 144360399.9974 6250.0000
-73619842.9969 144383589.9974 6250.0000
-73643322.4249 144343581.4982 6250.0000
-73562779.9969 144333451.9974 6260.0000
-73602844.9969 144347658.9974 6260.0000
-73530459.9969 144383329.9974 6270.0000
-73546783.9969 144329344.9974 6270.0000
-73569319.9969 144292325.9974 6270.0000
-73603121.9969 144330626.9974 6280.0000
-73530988.9969 144377418.9974 6290.0000
-73538723.9969 144406482.9974 6290.0000
-73571027.9969 144318392.9974 6290.0000
-73610188.9969 144399016.9974 6290.0000
-73620080.9969 144398036.9974 6290.0000
-73535746.9969 144379048.9974 6300.0000
-73549170.9969 144407614.9974 6300.0000
-73586919.9969 144291672.9974 6300.0000
-73590877.9969 144329716.9974 6300.0000
-73597456.9969 144329674.9974 6300.0000
-73637546.9969 144367141.9974 6300.0000
-73646948.9969 144357451.9974 6300.0000
-73538731.9969 144380977.9974 6320.0000
-73539147.9969 144330021.9974 6320.0000
-73541609.9969 144406792.9974 6320.0000
-73564360.9969 144301674.9974 6320.0000
-73583506.9969 144289707.9974 6320.0000
-73593353.9969 144409983.9974 6320.0000
-73619140.9969 144377472.9974 6320.0000
-73540214.9969 144335488.9974 6330.0000
-73538138.9969 144335206.9974 6340.0000
-73592401.9969 144296814.9974 6340.0000
-73644520.9969 144366815.9974 6340.0000
-73534412.9969 144356069.9974 6350.0000
-73554690.9969 144331086.9974 6350.0000
-73555420.9969 144447648.9974 6350.0000
-73602369.9969 144404997.9974 6350.0000
-73612023.9969 144403976.9974 6350.0000
-73550114.9969 144448009.9974 6360.0000
-73610786.9969 144361722.9974 6360.0000
-73586669.9969 144294017.9974 6370.0000
-73594704.9969 144341409.9974 6370.0000
-73604656.9969 144409375.9974 6370.0000
-73630452.9969 144409522.9974 6370.0000
-73546097.9969 144407395.9974 6380.0000
-73561146.9969 144443476.9974 6380.0000
-73571264.9969 144315478.9974 6380.0000
-73623599.9969 144392010.9974 6380.0000
-73646897.9969 144361170.9974 6390.0000
-73532355.9969 144405418.9974 6400.0000
-73534121.9969 144405598.9974 6410.0000
-73546504.9969 144421537.9974 6410.0000
-73582042.9969 144320813.9974 6410.0000
-73586792.9969 144305902.9974 6410.0000
-73601090.9969 144349914.9974 6410.0000
-73539277.9969 144419579.9974 6420.0000
-73597100.9969 144415172.9974 6420.0000
-73528621.9969 144399528.9974 6430.0000
-73543825.9969 144420601.9974 6430.0000
-73588078.9969 144422131.9974 6430.0000
-73629454.9969 144407018.9974 6440.0000
-73648744.9969 144369579.9974 6440.0000
-73620751.9969 144368975.9974 6450.0000
-73581098.9969 144424719.9974 6460.0000
-73627132.9969 144402635.9974 6460.0000
-73536437.9969 144418626.9974 6470.0000
-73628996.9969 144399012.9974 6470.0000
-73531667.9969 144417685.9974 6480.0000
-73583237.9969 144426204.9974 6480.0000
-73596457.9969 144303333.9974 6490.0000
-73625956.9969 144400434.9974 6490.0000
-73501308.7969 144498786.3999 6500.0000
-73529123.9266 144411232.7697 6500.0000
-73529657.9969 144389044.9974 6500.0000
-73551411.9969 144422393.9974 6500.0000
-73562914.9362 144447358.3968 6500.0000
-73590477.9969 144339726.9974 6500.0000
-73591753.7966 144336644.0993 6500.0000
-73652766.4145 144357836.1334 6500.0000
-73643400.9969 144377250.9974 6520.0000
-73645391.9969 144372228.9974 6520.0000
-73527276.9969 144411450.9974 6530.0000
-73528608.9969 144421766.9974 6530.0000
-73653048.9969 144365947.9974 6530.0000
-73570474.9969 144419831.9974 6560.0000
-73640496.9969 144376821.9974 6560.0000
-73566966.9969 144439147.9974 6570.0000
-73568818.9969 144432611.9974 6570.0000
-73548585.9969 144442808.9974 6590.0000
-73642399.9969 144381904.9974 6590.0000
-73573947.9969 144428746.9974 6610.0000
-73594985.9969 144427931.9974 6610.0000
-73652431.9969 144368833.9974 6610.0000
-73593657.9969 144426641.9974 6620.0000
-73617860.9969 144426559.9974 6620.0000
-73636729.9969 144387139.9974 6630.0000
-73636761.9969 144416306.9974 6630.0000
-73634540.9969 144406454.9974 6640.0000
-73596773.9969 144429385.9974 6650.0000
-73626490.9969 144420581.9974 6650.0000
-73630415.9969 144383139.9974 6660.0000
-73601877.9969 144439192.9974 6670.0000
-73635795.9969 144414726.9974 6690.0000
-73568006.9969 144430558.9974 6700.0000
-73610409.9969 144433614.9974 6710.0000
-73629433.9969 144393229.9974 6720.0000
-73515210.9969 144481110.9974 6730.0000
-73549811.9969 144461848.9974 6740.0000
-73594801.9969 144444552.9974 6740.0000
-73646567.9969 144388334.9974 6740.0000
-73651027.9969 144376587.9974 6740.0000
-73651073.9969 144378907.9974 6740.0000
-73504010.7152 144501317.9677 6750.0000
-73557934.9969 144465298.9974 6750.0000
-73565087.9870 144456828.6415 6750.0000
-73632387.6630 144380007.0010 6750.0000
-73662137.6005 144371096.8995 6750.0000
-73543566.9969 144441406.9974 6770.0000
-73630740.9969 144380103.9974 6770.0000
-73658388.9969 144373388.9974 6790.0000
-73565237.9969 144460666.9974 6810.0000
-73647265.9969 144392570.9974 6810.0000
-73579150.9969 144438448.9974 6830.0000
-73534121.9969 144440974.9974 6850.0000
-73570947.9969 144455550.9974 6870.0000
-73641532.9969 144415431.9974 6870.0000
-73656824.9969 144380343.9974 6870.0000
-73658466.9969 144377117.9974 6870.0000
-73525597.9969 144474691.9974 6890.0000
-73529788.9969 144439881.9974 6920.0000
-73577263.9969 144437695.9974 6930.0000
-73551779.9969 144471810.9974 6940.0000
-73575559.9969 144442372.9974 6950.0000
-73584313.9969 144438861.9974 6950.0000
-73656678.9969 144383881.9974 6970.0000
-73659615.9969 144384682.9974 6970.0000
-73526041.9969 144440416.9974 6990.0000
-73506738.5838 144504177.1797 7000.0000
-73528847.4247 144458603.1788 7000.0000
-73574184.6916 144463611.5787 7000.0000
-73665233.4213 144378569.4394 7000.0000
-73575001.9969 144477364.9974 7010.0000
-73562310.9969 144492580.9974 7020.0000
-73609140.9969 144451832.9974 7020.0000
-73535086.9969 144458237.9974 7030.0000
-73551887.9969 144477020.9974 7030.0000
-73552259.9969 144479262.9974 7030.0000
-73559970.9969 144483638.9974 7030.0000
-73565826.9969 144480474.9974 7030.0000
-73566293.9969 144485974.9974 7030.0000
-73552105.9969 144475396.9974 7050.0000
-73658137.9969 144395976.9974 7050.0000
-73555044.9969 144489402.9974 7060.0000
-73569298.9969 144480238.9974 7070.0000
-73575157.9969 144473713.9974 7070.0000
-73518110.9969 144488195.9974 7080.0000
-73557043.9969 144492673.9974 7090.0000
-73577894.9969 144450616.9974 7090.0000
-73664248.9969 144382116.9974 7090.0000
-73531726.9969 144447464.9974 7100.0000
-73662740.9969 144383878.9974 7110.0000
-73509673.9969 144496748.9974 7120.0000
-73665922.9969 144385054.9974 7120.0000
-73579865.9969 144484702.9974 7130.0000
-73587226.9969 144450016.9974 7130.0000
-73573910.9969 144486712.9974 7140.0000
-73654179.9969 144401932.9974 7140.0000
-73664886.9969 144386819.9974 7140.0000
-73514831.9969 144497097.9974 7170.0000
-73653400.9969 144387922.9974 7200.0000
-73585084.9969 144466721.9974 7220.0000
-73509547.1628 144506942.3274 7250.0000
-73584430.2368 144476061.3478 7250.0000
-73648859.9969 144421784.9974 7250.0000
-73670337.7692 144388110.8263 7250.0000
-73607967.9969 144461873.9974 7260.0000
-73665211.9969 144398753.9974 7260.0000
-73535352.9969 144473253.9974 7290.0000
-73574144.9969 144493081.9974 7290.0000
-73631940.9969 144440440.9974 7290.0000
-73646053.9969 144425544.9974 7290.0000
-73581713.9969 144451379.9974 7310.0000
-73669480.9969 144390083.9974 7310.0000
-73553860.9969 144498372.9974 7330.0000
-73555272.9969 144501575.9974 7330.0000
-73557395.9969 144504977.9974 7330.0000
-73589390.9969 144477091.9974 7330.0000
-73633004.9969 144393997.9974 7330.0000
-73583563.9969 144453881.9974 7340.0000
-73584940.9969 144456301.9974 7340.0000
-73647306.9969 144427402.9974 7350.0000
-73590314.9969 144470383.9974 7360.0000
-73665304.9969 144395261.9974 7360.0000
-73523196.9969 144495684.9974 7370.0000
-73559490.9969 144504727.9974 7380.0000
-73630515.9969 144444750.9974 7400.0000
-73669049.9969 144393545.9974 7410.0000
-73541369.9969 144476687.9974 7420.0000
-73582236.9969 144489535.9974 7420.0000
-73535123.9969 144486037.9974 7430.0000
-73538561.9969 144476654.9974 7440.0000
-73667603.9969 144403705.9974 7450.0000
-73518354.9969 144504107.9974 7460.0000
-73672181.9969 144394718.9974 7480.0000
-73641896.9969 144401682.9974 7490.0000
-73648863.9969 144429194.9974 7490.0000
-73512176.3733 144509557.2536 7500.0000
-73590276.3733 144483426.2536 7500.0000
-73674994.4053 144395404.4900 7500.0000
-73546844.9969 144477009.9974 7520.0000
-73591444.9969 144485286.9974 7530.0000
-73543550.9969 144487197.9974 7570.0000
-73591333.9969 144460215.9974 7610.0000
-73596929.9969 144465437.9974 7610.0000
-73600026.9969 144467369.9974 7610.0000
-73623737.9969 144458230.9974 7610.0000
-73513669.9969 144510503.9974 7630.0000
-73560633.9969 144509001.9974 7680.0000
-73651745.9969 144432047.9974 7700.0000
-73532135.9969 144493890.9974 7710.0000
-73646422.9969 144411669.9974 7740.0000
-73515332.7762 144512206.1271 7750.0000
-73592849.5974 144486624.6828 7750.0000
-73678212.7721 144401477.2496 7750.0000
-73675172.9969 144403675.9974 7760.0000
-73621833.9969 144464924.9974 7800.0000
-73654972.9969 144429470.9974 7800.0000
-73673122.9969 144409815.9974 7830.0000
-73677502.9969 144404126.9974 7830.0000
-73581999.9969 144497728.9974 7880.0000
-73605267.9969 144471126.9974 7880.0000
-73623954.9969 144469044.9974 7930.0000
-73650874.9969 144417805.9974 7930.0000
-73518801.0562 144515503.6144 8000.0000
-73594397.8208 144488692.3290 8000.0000
-73681231.0386 144406813.7305 8000.0000
-73592024.9969 144493401.9974 8010.0000
-73655311.9969 144436864.9974 8060.0000
-73540352.9969 144512180.9974 8080.0000
-73607510.9969 144475048.9974 8090.0000
-73657422.9969 144430027.9974 8090.0000
-73613977.9969 144477283.9974 8100.0000
-73633317.9969 144464960.9974 8120.0000
-73678965.9969 144410466.9974 8190.0000
-73638548.9969 144459057.9974 8200.0000
-73598670.9969 144485324.9974 8220.0000
-73657006.9969 144438580.9974 8220.0000
-73662647.9969 144421725.9974 8220.0000
-73608864.9969 144476948.9974 8240.0000
-73522285.1833 144518832.9957 8250.0000
-73524223.9969 144516706.9974 8250.0000
-73596468.9002 144491434.1359 8250.0000
-73683465.7721 144411546.2496 8250.0000
-73543956.9969 144517809.9974 8260.0000
-73643072.9969 144458564.9974 8270.0000
-73682201.9969 144413054.9974 8300.0000
-73657355.9969 144440472.9974 8320.0000
-73677047.9969 144417299.9974 8320.0000
-73600711.9969 144487610.9974 8350.0000
-73607117.9969 144482609.9974 8370.0000
-73661291.9969 144437862.9974 8430.0000
-73664120.9969 144430235.9974 8440.0000
-73611090.9969 144482404.9974 8450.0000
-73629880.9969 144471851.9974 8450.0000
-73659234.9969 144442392.9974 8480.0000
-73537592.9969 144530202.9974 8490.0000
-73533096.8946 144530021.9144 8500.0000
-73598490.4139 144493971.6455 8500.0000
-73685427.4795 144415187.7526 8500.0000
-73548956.9969 144521723.9974 8510.0000
-73544670.9969 144525048.9974 8570.0000
-73663475.9969 144436250.9974 8580.0000
-73619978.9969 144483488.9974 8590.0000
-73554365.9969 144523969.9974 8600.0000
-73629221.9969 144476688.9974 8620.0000
-73549681.9969 144533880.9974 8650.0000
-73613216.9969 144485571.9974 8660.0000
-73539727.9969 144532940.9974 8670.0000
-73684916.9969 144418370.9974 8670.0000
-73563794.9969 144522634.9974 8680.0000
-73669326.9969 144428529.9974 8680.0000
-73542073.9969 144539111.9974 8710.0000
-73682569.9969 144419383.9974 8730.0000
-73543352.3234 144541415.0779 8750.0000
-73600571.5246 144496619.8021 8750.0000
-73677403.9969 144425559.9974 8750.0000
-73687723.8076 144419017.2444 8750.0000
-73663224.9969 144446302.9974 8780.0000
-73558717.9969 144532276.9974 8790.0000
-73545746.9969 144544118.9974 8810.0000
-73684763.9969 144422353.9974 8820.0000
-73686149.9969 144420476.9974 8820.0000
-73567663.9969 144531305.9974 8880.0000
-73573796.9969 144521332.9974 8930.0000
-73631316.9969 144476200.9974 8940.0000
-73552811.9969 144544854.9974 8960.0000
-73621649.9969 144484014.9974 8960.0000
-73666626.9969 144445011.9974 8960.0000
-73668487.9969 144437017.9974 8960.0000
-73549090.0532 144549207.3482 9000.0000
-73602857.7446 144499535.2542 9000.0000
-73615381.9969 144491982.9974 9000.0000
-73689758.3942 144423407.2161 9000.0000
-73682224.9969 144427810.9974 9020.0000
-73616597.9969 144489543.9974 9050.0000
-73677102.9969 144431039.9974 9060.0000
-73592938.9969 144522559.9974 9080.0000
-73577135.9969 144529820.9974 9090.0000
-73608027.9969 144505126.9974 9100.0000
-73608724.9969 144508654.9974 9100.0000
-73665469.9969 144449327.9974 9100.0000
-73584256.9969 144517564.9974 9110.0000
-73590062.9969 144512874.9974 9110.0000
-73601602.9969 144503816.9974 9120.0000
-73582640.9969 144515661.9974 9130.0000
-73587170.9969 144515304.9974 9130.0000
-73582373.9969 144520485.9974 9140.0000
-73591638.9969 144513864.9974 9150.0000
-73604833.9969 144517316.9974 9160.0000
-73611774.9969 144492932.9974 9160.0000
-73591263.9969 144523184.9974 9170.0000
-73586960.9969 144517945.9974 9180.0000
-73597293.9969 144503600.9974 9180.0000
-73601781.9969 144525403.9974 9180.0000
-73603741.9969 144504569.9974 9190.0000
-73589396.9969 144529618.9974 9210.0000
-73579818.9969 144538792.9974 9220.0000
-73597065.9969 144531667.9974 9220.0000
-73687286.9969 144427951.9974 9220.0000
-73580982.9969 144524947.9974 9230.0000
-73584595.9969 144521989.9974 9230.0000
-73648307.9969 144471635.9974 9230.0000
-73553404.5658 144555787.7044 9250.0000
-73612344.7462 144513936.3418 9250.0000
-73613983.9969 144510274.9974 9250.0000
-73614213.9969 144501955.9974 9250.0000
-73691707.0505 144427638.1997 9250.0000
-73633821.9969 144484943.9974 9260.0000
-73557723.9969 144555625.9974 9270.0000
-73608224.9969 144529857.9974 9280.0000
-73619630.9969 144492745.9974 9280.0000
-73585931.9969 144524067.9974 9290.0000
-73610946.9969 144519881.9974 9290.0000
-73582960.9969 144526706.9974 9310.0000
-73583355.9969 144530114.9974 9340.0000
-73615385.9969 144498584.9974 9360.0000
-73638247.9969 144481448.9974 9360.0000
-73582409.9969 144535894.9974 9380.0000
-73621774.9969 144495580.9974 9390.0000
-73619680.9969 144498670.9974 9400.0000
-73583709.9969 144535413.9974 9410.0000
-73658326.9969 144465830.9974 9410.0000
-73690716.9969 144431091.9974 9410.0000
-73600832.9969 144540754.9974 9430.0000
-73620857.9969 144494710.9974 9440.0000
-73622034.9969 144499914.9974 9450.0000
-73584522.9969 144538691.9974 9480.0000
-73668251.9969 144453819.9974 9490.0000
-73557687.8443 144562726.5760 9500.0000
-73615326.2154 144519763.5183 9500.0000
-73693331.7224 144431687.7079 9500.0000
-73590564.9969 144543543.9974 9510.0000
-73672452.9969 144452861.9974 9510.0000
-73593720.9969 144545834.9974 9530.0000
-73670388.9969 144455759.9974 9540.0000
-73560114.9969 144562124.9974 9560.0000
-73640638.9969 144485595.9974 9560.0000
-73609460.9969 144538631.9974 9570.0000
-73635012.9969 144492082.9974 9570.0000
-73662040.9969 144469428.9974 9590.0000
-73674364.9969 144451414.9974 9590.0000
-73675001.9969 144446225.9974 9600.0000
-73561291.9969 144563143.9974 9610.0000
-73606555.9969 144543331.9974 9630.0000
-73673642.9969 144465082.9974 9650.0000
-73561791.9969 144565076.9974 9670.0000
-73626766.9969 144502769.9974 9680.0000
-73686213.9969 144439796.9974 9680.0000
-73562847.9969 144565915.9974 9690.0000
-73653803.9969 144479638.9974 9710.0000
-73624154.9969 144511501.9974 9720.0000
-73583092.9969 144549688.9974 9740.0000
-73561262.0362 144568379.2360 9750.0000
-73572464.9969 144568594.9974 9750.0000
-73596027.9969 144551075.9974 9750.0000
-73618166.5496 144525306.8916 9750.0000
-73694667.0505 144434974.1997 9750.0000
-73586715.9969 144548078.9974 9760.0000
-73602861.9969 144550332.9974 9760.0000
-73616602.9969 144536121.9974 9770.0000
-73645650.9969 144491874.9974 9780.0000
-73623645.9969 144516416.9974 9790.0000
-73682292.9969 144445022.9974 9800.0000
-73628467.9969 144507606.9974 9810.0000
-73626579.9969 144506982.9974 9830.0000
-73656223.9969 144483373.9974 9840.0000
-73619383.9969 144525832.9974 9850.0000
-73691844.9969 144438191.9974 9850.0000
-73579855.9969 144567904.9974 9870.0000
-73639761.9969 144497106.9974 9880.0000
-73677561.9969 144468319.9974 9900.0000
-73606008.9969 144552811.9974 9910.0000
-73612952.9969 144545567.9974 9910.0000
-73667830.9969 144475374.9974 9920.0000
-73584495.9969 144555082.9974 9950.0000
-73626473.9969 144510926.9974 9990.0000
